0
0
4
4
8
8
12
12
16
16
20
20
24
24
28
28
32
32
36
36
40
40
44
44
48
48
52
52
56
56
60
60
0
0
4
4
8
8
12
12
16
16
20
20
24
24
28
28
32
32
36
36
40
40
44
44
48
48
52
52
56
56
60
60
1
1
5
5
9
9
13
13
17
17
21
21
25
25
29
29
33
33
37
37
41
41
45
45
49
49
53
53
57
57
61
61
1
1
5
5
9
9
13
13
17
17
21
21
25
25
29
29
33
33
37
37
41
41
45
45
49
49
53
53
57
57
61
61
2
2
6
6
10
10
14
14
18
18
22
22
26
26
30
30
34
34
38
38
42
42
46
46
50
50
54
54
58
58
62
62
2
2
6
6
10
10
14
14
18
18
22
22
26
26
30
30
34
34
38
38
42
42
46
46
50
50
54
54
58
58
62
62
3
3
7
7
11
11
15
15
19
19
23
23
27
27
31
31
35
35
39
39
43
43
47
47
51
51
55
55
59
59
63
63
3
3
7
7
11
11
15
15
19
19
23
23
27
27
31
31
35
35
39
39
43
43
47
47
51
51
55
55
59
59
63
63
64
64
68
68
72
72
76
76
80
80
84
84
88
88
92
92
96
96
100
100
104
104
108
108
112
112
116
116
120
120
124
124
128
128
132
132
136
136
140
140
144
144
148
148
152
152
156
156
64
64
68
68
72
72
76
76
80
80
84
84
88
88
92
92
96
96
100
100
104
104
108
108
112
112
116
116
120
120
124
124
128
128
132
132
136
136
140
140
144
144
148
148
152
152
156
156
65
65
69
69
73
73
77
77
81
81
85
85
89
89
93
93
97
97
101
101
105
105
109
109
113
113
117
117
121
121
125
125
129
129
133
133
137
137
141
141
145
145
149
149
153
153
157
157
65
65
69
69
73
73
77
77
81
81
85
85
89
89
93
93
97
97
101
101
105
105
109
109
113
113
117
117
121
121
125
125
129
129
133
133
137
137
141
141
145
145
149
149
153
153
157
157
66
66
70
70
74
74
78
78
82
82
86
86
90
90
94
94
98
98
102
102
106
106
110
110
114
114
118
118
122
122
126
126
130
130
134
134
138
138
142
142
146
146
150
150
154
154
158
158
66
66
70
70
74
74
78
78
82
82
86
86
90
90
94
94
98
98
102
102
106
106
110
110
114
114
118
118
122
122
126
126
130
130
134
134
138
138
142
142
146
146
150
150
154
154
158
158
67
67
71
71
75
75
79
79
83
83
87
87
91
91
95
95
99
99
103
103
107
107
111
111
115
115
119
119
123
123
127
127
131
131
135
135
139
139
143
143
147
147
151
151
155
155
159
159
67
67
71
71
75
75
79
79
83
83
87
87
91
91
95
95
99
99
103
103
107
107
111
111
115
115
119
119
123
123
127
127
131
131
135
135
139
139
143
143
147
147
151
151
155
155
159
159
160
160
164
164
168
168
172
172
176
176
180
180
184
184
188
188
192
192
196
196
200
200
204
204
208
208
212
212
216
216
220
220
224
224
228
228
232
232
236
236
240
240
244
244
248
248
252
252
160
160
164
164
168
168
172
172
176
176
180
180
184
184
188
188
192
192
196
196
200
200
204
204
208
208
212
212
216
216
220
220
224
224
228
228
232
232
236
236
240
240
244
244
248
248
252
252
161
161
165
165
169
169
173
173
177
177
181
181
185
185
189
189
193
193
197
197
201
201
205
205
209
209
213
213
217
217
221
221
225
225
229
229
233
233
237
237
241
241
245
245
249
249
253
253
161
161
165
165
169
169
173
173
177
177
181
181
185
185
189
189
193
193
197
197
201
201
205
205
209
209
213
213
217
217
221
221
225
225
229
229
233
233
237
237
241
241
245
245
249
249
253
253
162
162
166
166
170
170
174
174
178
178
182
182
186
186
190
190
194
194
198
198
202
202
206
206
210
210
214
214
218
218
222
222
226
226
230
230
234
234
238
238
242
242
246
246
250
250
254
254
162
162
166
166
170
170
174
174
178
178
182
182
186
186
190
190
194
194
198
198
202
202
206
206
210
210
214
214
218
218
222
222
226
226
230
230
234
234
238
238
242
242
246
246
250
250
254
254
163
163
167
167
171
171
175
175
179
179
183
183
187
187
191
191
195
195
199
199
203
203
207
207
211
211
215
215
219
219
223
223
227
227
231
231
235
235
239
239
243
243
247
247
251
251
255
255
163
163
167
167
171
171
175
175
179
179
183
183
187
187
191
191
195
195
199
199
203
203
207
207
211
211
215
215
219
219
223
223
227
227
231
231
235
235
239
239
243
243
247
247
251
251
255
255
256
256
260
260
264
264
268
268
272
272
276
276
280
280
284
284
288
288
292
292
296
296
300
300
304
304
308
308
312
312
316
316
320
320
324
324
328
328
332
332
336
336
340
340
344
344
348
348
256
256
260
260
264
264
268
268
272
272
276
276
280
280
284
284
288
288
292
292
296
296
300
300
304
304
308
308
312
312
316
316
320
320
324
324
328
328
332
332
336
336
340
340
344
344
348
348
257
257
261
261
265
265
269
269
273
273
277
277
281
281
285
285
289
289
293
293
297
297
301
301
305
305
309
309
313
313
317
317
321
321
325
325
329
329
333
333
337
337
341
341
345
345
349
349
257
257
261
261
265
265
269
269
273
273
277
277
281
281
285
285
289
289
293
293
297
297
301
301
305
305
309
309
313
313
317
317
321
321
325
325
329
329
333
333
337
337
341
341
345
345
349
349
258
258
262
262
266
266
270
270
274
274
278
278
282
282
286
286
290
290
294
294
298
298
302
302
306
306
310
310
314
314
318
318
322
322
326
326
330
330
334
334
338
338
342
342
346
346
350
350
258
258
262
262
266
266
270
270
274
274
278
278
282
282
286
286
290
290
294
294
298
298
302
302
306
306
310
310
314
314
318
318
322
322
326
326
330
330
334
334
338
338
342
342
346
346
350
350
259
259
263
263
267
267
271
271
275
275
279
279
283
283
287
287
291
291
295
295
299
299
303
303
307
307
311
311
315
315
319
319
323
323
327
327
331
331
335
335
339
339
343
343
347
347
351
351
259
259
263
263
267
267
271
271
275
275
279
279
283
283
287
287
291
291
295
295
299
299
303
303
307
307
311
311
315
315
319
319
323
323
327
327
331
331
335
335
339
339
343
343
347
347
351
351
352
352
356
356
360
360
364
364
368
368
372
372
376
376
380
380
384
384
388
388
392
392
396
396
400
400
404
404
408
408
412
412
416
416
420
420
424
424
428
428
432
432
436
436
440
440
444
444
352
352
356
356
360
360
364
364
368
368
372
372
376
376
380
380
384
384
388
388
392
392
396
396
400
400
404
404
408
408
412
412
416
416
420
420
424
424
428
428
432
432
436
436
440
440
444
444
353
353
357
357
361
361
365
365
369
369
373
373
377
377
381
381
385
385
389
389
393
393
397
397
401
401
405
405
409
409
413
413
417
417
421
421
425
425
429
429
433
433
437
437
441
441
445
445
353
353
357
357
361
361
365
365
369
369
373
373
377
377
381
381
385
385
389
389
393
393
397
397
401
401
405
405
409
409
413
413
417
417
421
421
425
425
429
429
433
433
437
437
441
441
445
445
354
354
358
358
362
362
366
366
370
370
374
374
378
378
382
382
386
386
390
390
394
394
398
398
402
402
406
406
410
410
414
414
418
418
422
422
426
426
430
430
434
434
438
438
442
442
446
446
354
354
358
358
362
362
366
366
370
370
374
374
378
378
382
382
386
386
390
390
394
394
398
398
402
402
406
406
410
410
414
414
418
418
422
422
426
426
430
430
434
434
438
438
442
442
446
446
355
355
359
359
363
363
367
367
371
371
375
375
379
379
383
383
387
387
391
391
395
395
399
399
403
403
407
407
411
411
415
415
419
419
423
423
427
427
431
431
435
435
439
439
443
443
447
447
355
355
359
359
363
363
367
367
371
371
375
375
379
379
383
383
387
387
391
391
395
395
399
399
403
403
407
407
411
411
415
415
419
419
423
423
427
427
431
431
435
435
439
439
443
443
447
447
448
448
452
452
456
456
460
460
464
464
468
468
472
472
476
476
480
480
484
484
488
488
492
492
496
496
500
500
504
504
508
508
448
448
452
452
456
456
460
460
464
464
468
468
472
472
476
476
480
480
484
484
488
488
492
492
496
496
500
500
504
504
508
508
449
449
453
453
457
457
461
461
465
465
469
469
473
473
477
477
481
481
485
485
489
489
493
493
497
497
501
501
505
505
509
509
449
449
453
453
457
457
461
461
465
465
469
469
473
473
477
477
481
481
485
485
489
489
493
493
497
497
501
501
505
505
509
509
450
450
454
454
458
458
462
462
466
466
470
470
474
474
478
478
482
482
486
486
490
490
494
494
498
498
502
502
506
506
510
510
450
450
454
454
458
458
462
462
466
466
470
470
474
474
478
478
482
482
486
486
490
490
494
494
498
498
502
502
506
506
510
510
451
451
455
455
459
459
463
463
467
467
471
471
475
475
479
479
483
483
487
487
491
491
495
495
499
499
503
503
507
507
511
511
451
451
455
455
459
459
463
463
467
467
471
471
475
475
479
479
483
483
487
487
491
491
495
495
499
499
503
503
507
507
511
511
